32
33
35
37
40
47
48
50
57
60
72
75
107
108
110
112
115
122
123
125
132
133
135
137
140
147
148
150
152
153
155
156
161
171
177
180
181
196
227
228
230
231
236
246
257
260
272
275
277
280
281
296
352
355
356
371
507
508
510
512
515
522
523
525
527
528
530
531
536
546
552
555
556
571
602
603
605
606
611
621
632
633
635
637
640
647
648
650
652
653
655
656
661
671
677
680
681
696
727
728
730
731
736
746
752
753
755
756
761
771
776
801
851
877
880
881
896
901
976
1127
1128
1130
1131
1136
1146
1151
1176
1226
1257
1260
1272
1275
1277
1280
1281
1296
1352
1355
1356
1371
1377
1380
1381
1396
1401
1476
1752
1755
1756
1771
1776
1851
2507
2508
2510
2512
2515
2522
2523
2525
2527
2528
2530
2531
2536
2546
2552
2555
2556
2571
2602
2603
2605
2606
2611
2621
2627
2628
2630
2631
2636
2646
2651
2676
2726
2752
2755
2756
2771
2776
2851
3002
3003
3005
3006
3011
3021
3026
3051
3101